FIPS,2010-,2000-2009,1990-1999,1980-1989,1970-1979,1960-1969,1950-1959,1940-1949,-1939
1001,3.03,24.84,23.32,12.96,15.38,11.49,4.47,1.41,3.11
1003,1.57,32.88,25.16,16.62,10.82,5.1,3.56,1.93,2.36
1005,1.39,10.01,20.34,18.8,17.13,11.05,7.85,4.73,8.69
1007,0.86,15.68,19.96,17.71,14.94,10.22,6.5,5.65,8.49
1009,0.35,18.8,25.77,14.32,16.29,8.89,6.33,4.91,4.35
1011,3.69,14.34,17.95,23.11,13.63,7.72,4.16,4.36,11.03
1013,0.9,9.14,25.59,18.24,15.51,9.68,7.26,4.22,9.46
1015,0.94,11.59,14.4,15.88,18.84,13.66,11.07,7.7,5.92
1017,1.17,12.53,13.46,11.08,18.13,13.31,11.78,7.06,11.48
1019,1.48,16.65,21.94,16.24,15.79,10.82,8.56,2.82,5.7
1021,1.01,19.98,23.28,15.6,15.48,8.55,7.24,4.18,4.67
1023,0.5,11.91,19.29,19.29,17.38,12.73,11.18,2.73,4.99
1025,0.48,12.09,23.25,13.75,16.41,13.73,9.18,4.06,7.06
1027,0.49,13.51,15.69,14.37,16.7,9.16,9.64,7.93,12.51
1029,2.46,14.54,21.13,15.29,17.53,11.24,5.7,3.36,8.75
1031,1.51,20.97,17.95,16.27,17.9,10.94,6.59,4.68,3.2
1033,1.09,11.04,15,12.54,18.4,15.49,12.39,6.38,7.67
1035,0.51,7.64,26.27,20.51,14.02,6.21,7.84,4.16,12.84
1037,1.45,14.03,22.29,15.38,13.01,12.44,8.72,6.31,6.36
1039,1.29,9.8,16.06,15.64,17.83,13.86,9.98,6.56,8.98
1041,0.61,11,18.84,15.64,20.01,10,7.59,6.45,9.85
1043,0.75,13.91,20.45,17.71,17.58,12.13,7.02,4.4,6.06
1045,1.69,16.27,16.79,17.92,21.84,12.83,5.74,2.38,4.54
1047,0.55,9.19,16.57,11.25,19.82,15.36,12.61,6.76,7.89
1049,1.01,13.01,18.62,17.62,22.67,12.45,6.93,3.57,4.12
1051,2.94,26.51,24.5,12.1,16.12,7.92,3.86,2.13,3.94
1053,0.61,9.18,21.81,18.71,17.78,12.54,10.47,3.99,4.91
1055,0.75,10.27,11.98,13.39,17.3,12.6,11.99,10.19,11.52
1057,0.81,8.69,16.2,19.04,20.37,11.69,7.52,8.1,7.58
1059,1.33,8.04,19.63,16.24,22.15,13.91,9.06,5.27,4.35
1061,1.08,12.76,18.68,15.35,18.55,11.29,9.38,5.31,7.6
1063,0.5,9.74,19.54,21,22.1,10.78,8.11,4.59,3.65
1065,0.63,11.51,24.59,16.79,15.75,11.98,7.91,4.98,5.86
1067,0.47,13.92,23.05,13.43,19.19,11.47,8.91,2.32,7.24
1069,1.04,15.73,18.04,14.85,22.26,11.06,9.09,4.53,3.4
1071,0.62,11.17,18.49,17.09,23.86,13.29,6.91,3.99,4.6
1073,0.95,12.15,11.49,11.96,17.97,14.53,14.73,6.75,9.47
1075,0.66,6.8,18.98,18.41,19.6,16.26,7.24,5.01,7.05
1077,1,12.01,16.46,13.48,18.09,13.37,14.17,6.26,5.17
1079,1.03,12.21,19.96,16.93,16.82,11.66,10.74,5.45,5.2
1081,3.73,26.04,25.01,15.46,13.17,7.09,4.76,2.11,2.64
1083,3.23,24.61,20.88,15.47,12.82,9.05,6.99,2.35,4.61
1085,1.39,12.4,26.24,20.23,19.68,8.26,5.58,2.58,3.64
1087,0.01,9.69,16.95,15.02,26.36,11.52,9.41,4.27,6.77
1089,2.24,21.3,19.37,16.37,12.56,15.52,7.51,2.28,2.84
1091,1.11,10.22,16.97,16.07,19.93,13.67,9.07,5.45,7.52
1093,1.49,10.12,18.51,15.64,24.93,11.39,5.87,5.26,6.78
1095,0.98,12.32,19.35,18.44,18.24,12.14,9.68,4.15,4.7
1097,1.34,14.13,14.05,13.74,21.64,13.17,12.03,5.17,4.73
1099,0.49,9.99,20.65,19.89,22.34,10.1,6.69,5.1,4.76
1101,0.99,13.14,17.03,14.63,19.62,12.28,10.68,5,6.64
1103,0.68,12.43,20.09,18.39,17.58,14.08,8.14,3.47,5.15
1105,0,7.38,17.66,12.56,20.3,13.07,11.31,5.16,12.56
1107,0.53,11.52,17.04,13.12,20.76,13.2,11.29,4.36,8.19
1109,3,14.87,21.61,15.94,16.82,10.13,6.03,4.64,6.96
1111,0.83,15.88,19.49,19.48,12.94,7.69,8.29,6.35,9.05
1113,4.28,18.74,13.96,16.34,15.29,10.93,9.43,4.51,6.52
1115,1.93,26.71,27.29,13.83,12.22,7.4,5.6,2.09,2.92
1117,1.81,28.76,28.89,18.59,12.61,4.2,2.76,0.85,1.52
1119,0.46,12.2,15.94,20.31,23.65,9.65,7.75,4.59,5.45
1121,0.86,14.08,18.58,15.92,17.36,10.89,9.03,6.49,6.79
1123,0.78,15.19,19.58,16.2,16.6,10.86,8.3,5.65,6.82
1125,1.63,27.56,19.4,13.43,14.49,10.13,6.27,3.81,3.28
1127,1.18,13.14,17.89,15.12,19.83,11.56,8.69,6.9,5.68
1129,0.98,14.08,20.44,16.52,16.03,12,8.97,4.88,6.12
1131,1,9.38,24.05,19.91,20.89,10.18,5.1,3.48,6.01
1133,1.49,15.06,19.51,15.7,20.7,12.35,5.86,4.23,5.09
2013,0.52,7.4,11.95,35.84,27.01,7.14,2.86,5.45,1.82
2016,0.93,6.85,16.85,31.32,17.77,9.74,1.49,11.7,3.35
2020,1.01,13.59,11.15,25.01,29.75,11.26,6.18,1.71,0.34
2050,1.08,10.66,16.17,32.93,25.39,10.1,1.93,1.01,0.73
2060,0.22,7.71,23.45,32.03,16.61,8.25,4.56,2.39,4.78
2068,0.39,22.39,23.49,25.82,18.19,5.25,3.54,0.39,0.55
2070,1.85,10.63,22.62,31.6,21.88,6.18,2.68,1.65,0.91
2090,2.07,20.04,12.15,22.03,24.3,9.34,6.73,2.28,1.06
2100,0,21.2,26.48,20.37,17.5,7.07,2.99,1.15,3.25
2105,0.24,13.01,23.02,19,21.4,4.86,4.26,5.16,9.05
2110,1.31,7.87,11.07,26.3,27.05,10.41,5.32,2.93,7.74
2122,0.63,20.5,19.63,26.91,19.49,7.22,3.04,1.42,1.17
2130,1.31,6.11,14.03,19.49,21.75,7.71,13.32,6.6,9.68
2150,0.02,12.46,14.25,21.92,22.84,13.84,7.51,5.98,1.17
2164,0.67,8.75,18.97,40.81,15.9,6.55,4.28,2.14,1.94
2170,1.86,32.89,17.26,25.52,15.06,3.78,2.1,0.9,0.63
2180,0.32,9.26,18.99,26.95,26.15,6.01,4.32,2.02,5.99
2185,0,6.83,23.36,32.42,23.64,5.36,4.53,2.9,0.95
2188,0.85,9,15.11,27.89,33.59,8.96,2.48,0.74,1.37
2195,0.11,5.51,17.66,26.8,18.63,9.37,7.84,3.8,10.28
2198,0.45,12.95,23.56,23.92,21.68,8.04,4.19,1.88,3.32
2220,0.78,10.57,15.81,20.05,24.07,13.96,6.97,3.92,3.87
2230,1.73,10.38,19.03,14.62,20.44,6.6,6.45,6.45,14.31
2240,1.1,15.75,9.32,29.3,26.02,8.68,7.04,0.97,1.79
2261,0.28,9.78,15.36,20.63,30.49,7.39,9.78,2.72,3.57
2270,1.37,11.82,15.05,35.31,26.78,7.98,1.14,0.18,0.36
2275,0,8.18,17.89,20.66,23.43,13.2,2.77,1.98,11.88
2282,0.98,10.02,21.03,24.94,33.01,3.91,1.71,3.67,0.73
2290,1.11,9.98,17.98,30.79,26.58,7.73,2.3,1.93,1.59
4001,0.98,16.04,20.45,24.04,20.55,9.91,4.53,1.72,1.77
4003,1.11,20.78,18.17,17.34,18.53,7.2,6.27,2.67,7.93
4005,1.17,20.16,20.83,23.82,18.59,6.84,4.75,1.25,2.59
4007,0.73,14.43,19.25,22.09,20.16,8.13,6.17,2.54,6.51
4009,1.69,20.75,17.49,13.44,21.14,9.03,6.18,3.96,6.33
4011,0.71,14.49,9.99,13.7,25.46,12.51,8.99,2.05,12.1
4012,1.65,18.65,19.57,20.84,25.67,7.03,4.18,1.67,0.74
4013,0.9,25.5,21.38,19.05,17.61,7.34,5.68,1.51,1.03
4015,0.41,29.35,25.3,20.85,15.54,5.66,1.24,0.75,0.89
4017,0.57,24.26,19.86,19.95,16.95,9.6,4.58,1.19,3.04
4019,0.91,19.7,17.89,17.5,20.73,9.16,8.58,3.11,2.43
4021,1.95,53.73,15.73,10.56,8.6,4.02,3.69,0.73,0.99
4023,0.36,23.62,19.56,16.2,16.63,9.32,5.21,2.16,6.92
4025,0.67,28.08,23.57,20.51,14.7,5.19,2.9,1.16,3.21
4027,0.94,29.61,21.24,17.17,16.19,5.78,5.78,1.45,1.83
5001,1.59,8.3,8.61,12.43,24.3,16.65,13.53,7.16,7.42
5003,1.15,7.01,14.95,15.64,26.71,16.11,10.64,5.08,2.73
5005,1.27,20,18.99,16.37,25.48,8.26,3.36,2.26,4.02
5007,1.51,28.02,26.49,17.36,13.18,5.19,2.87,2.04,3.35
5009,0.68,14.91,18.14,12.94,23.54,10.3,6.37,4.14,8.99
5011,1.78,7.62,18.21,19.01,23.43,9.31,7.94,5.87,6.83
5013,0.66,6.47,17.39,17.98,20.82,9.37,11.48,7.88,7.95
5015,0.81,16.14,19.1,17.75,15.21,9.05,5.38,2.96,13.59
5017,0.54,6.89,13.9,20.86,22.7,12.7,9.29,4.96,8.16
5019,0.51,9.83,18.86,19.39,19.86,12.09,8.27,3.92,7.27
5021,0.81,4.91,9.2,13.5,23.37,18.66,15.07,5.93,8.56
5023,1.14,19.52,22.58,18.77,21.11,7.51,2.91,2.91,3.54
5025,3.76,12.54,21.82,16.99,21.27,8.8,5.26,3.86,5.68
5027,0.59,15.32,12.69,15.31,17.76,10.37,12.17,6.81,8.98
5029,1.29,15.35,14.35,16.53,21.68,10.32,8.57,4.69,7.21
5031,4.38,20.06,21.59,13.07,19.99,9.02,5.15,3.65,3.09
5033,1.99,19.25,24.47,17.02,16.18,8.16,5.76,3.55,3.62
5035,0.86,17.85,16.41,15.38,17.83,13.76,7.55,5.89,4.46
5037,0.85,15.03,14.82,13.21,18.97,14.4,9.14,6.1,7.48
5039,0.42,5.84,9.09,16.53,26.07,15.98,11.77,6.7,7.6
5041,0.19,5.06,10.65,20.54,27.02,15.85,8.54,4.18,7.96
5043,1.73,14.62,19.75,18.26,21.04,9.65,5.27,4.49,5.19
5045,3.44,28.69,26.07,15.98,13.35,5.25,3.2,1.65,2.37
5047,0.9,16.71,19.66,15.06,18.15,11.58,6.73,3.28,7.94
5049,0.74,15.53,16.94,16.88,26.68,7.81,3.48,5.34,6.6
5051,0.67,17.18,16.58,17.82,19.13,9.38,8.12,4.55,6.56
5053,1.91,17.17,20.06,17.34,18.51,10.5,7.51,4.18,2.83
5055,2.88,19.44,19.72,14.85,18.38,8.72,7.04,3.6,5.36
5057,0.48,9.38,12.73,21.7,21.06,13.96,7.64,4.43,8.63
5059,1.89,13.97,15.38,17.08,17.51,10.34,12.6,6.15,5.08
5061,1.57,10.73,15.66,12.96,21.43,14.55,7.79,8.13,7.16
5063,1.4,15.72,16.4,17.43,22.43,11.37,6.4,3.36,5.49
5065,0.1,11.39,21.45,14.47,27.51,10.48,4.21,2.99,7.4
5067,0.55,7.07,9.8,12.07,31.16,17.34,10.04,5.37,6.61
5069,0.81,9.91,12.26,15.09,19.44,17.95,12.42,6.67,5.45
5071,1.41,17.19,18.54,17.82,16.7,10.54,5.66,4.58,7.56
5073,0.18,9.34,19.31,12.78,16.68,14.39,10.29,5.07,11.95
5075,1.06,8.29,15.54,14.77,22.88,16.88,8.2,4.83,7.54
5077,0.21,5.88,10.48,15.1,20.11,15.74,16.66,7.99,7.83
5079,0.45,13.75,21.16,17.9,18.33,12.2,5.88,5.26,5.07
5081,0.75,7.95,17.3,16.77,29.76,16.16,3.26,3.63,4.42
5083,1.52,13.03,15.7,15.03,20.8,9.7,7.19,6.65,10.38
5085,3.31,30.86,23.8,13.92,13.34,6.93,3.71,1.64,2.48
5087,0.81,19.75,19.97,14.3,17.26,9.45,6.38,4.57,7.5
5089,0.47,16.11,22.61,14.57,22.5,7.57,6.02,4.55,5.59
5091,1.63,15,16.54,15.13,20.14,10.81,9.56,6.04,5.16
5093,0.77,8.29,13.06,16.54,20.92,17.5,12.25,6.02,4.65
5095,1.03,4.43,11.4,15.99,22.31,14.46,14.8,7.26,8.3
5097,0.26,17.59,20.65,18.79,17.54,8.57,5.01,4.64,6.94
5099,1.28,7.74,18.33,15.37,13.85,16.44,16.16,2.81,8.02
5101,0.45,12.85,18.58,19.46,18.86,9.31,5.34,6.07,9.08
5103,0.81,5.85,9.67,19.35,20.53,17.43,12.79,8.3,5.27
5105,1.92,14.86,27.96,20.27,13.55,8,5.08,3.67,4.67
5107,0.76,5.83,11.68,11.3,26.06,21.13,12.74,5.08,5.41
5109,1.17,13.37,22.01,14.77,19.78,9.76,6.79,4.58,7.76
5111,0.61,9.86,15.01,12.65,23.54,15.16,9.85,7.25,6.08
5113,1.41,14.45,17.88,20.55,17.98,8.76,8.02,4.17,6.77
5115,1.85,17.36,22.03,21.94,17.24,8.83,4.62,2.16,3.98
5117,0.4,13.73,19.64,13.68,18.61,12.35,6.91,5.04,9.64
5119,1.35,13.63,13.58,17.68,21.52,13.63,9.4,4.12,5.08
5121,0.86,9.45,14.77,16.38,26,11.45,9.32,6.32,5.46
5123,0.56,9.32,15.32,19.59,24.24,10.73,12.08,4.14,4.03
5125,3.49,28.39,24.01,14.53,14.3,6.23,5.07,2.22,1.76
5127,0.91,10.51,18.07,17.77,16.49,15.07,7.21,7,6.96
5129,0.06,12.99,14.63,17.58,19.48,13.69,8.49,4.88,8.2
5131,1.22,12.8,13.96,15.9,21.78,13.28,8.54,6.8,5.72
5133,1.21,13.42,17.19,20.01,21.45,11.38,5.38,5.02,4.96
5135,0.56,14.06,16.54,15.19,31.54,10.6,4.69,2.66,4.17
5137,0.74,18.44,18.13,21.08,18.84,7.46,5.19,6.5,3.63
5139,1.06,8.64,14.35,16.61,16.94,15.8,14.47,7.14,4.99
5141,1.01,17.32,16.4,19.13,23.41,9.17,4.21,4.23,5.1
5143,1.61,26.51,23.97,15.47,13.37,8.25,4.72,2.35,3.76
5145,2.38,20.61,22.4,15.61,17.87,8.83,6.51,2.17,3.63
5147,1.36,7.59,12.57,10.65,30.08,12.01,10.59,6.92,8.23
5149,1.24,15.98,17.69,15.77,17.92,13.52,6.5,4.02,7.35
6001,0.62,7.99,8.48,11.15,16.66,13.58,13.25,7.76,20.5
6003,0.88,17.96,19.93,18.95,29.49,5.22,2.14,0.22,5.22
6005,0.64,16.1,16.67,17.44,22.27,9.59,4.28,3.43,9.57
6007,0.72,11.88,12.99,17.38,21.95,12.24,9.87,5.43,7.56
6009,0.29,18.77,19.13,23.49,17.49,6.86,6,3.15,4.82
6011,0.32,17.91,12.48,13.4,13.5,12.27,9.16,7.67,13.31
6013,0.68,12.86,12.16,16.4,19.31,13.98,13.27,7.01,4.34
6015,1.01,14.31,16.89,15.19,15.59,11.62,14.62,4.97,5.79
6017,0.42,16.93,15.85,18.4,24.3,11.01,7.17,3.1,2.83
6019,1.35,16.18,14.44,14.56,19.36,10.9,11.65,5.43,6.13
6021,1.67,12.27,10.72,14.13,16.41,10.54,15.44,7.05,11.77
6023,0.82,7.74,12.85,14.74,15.41,10.77,15.54,6.91,15.22
6025,0.48,25.17,15.83,12.98,16.03,11.67,10.85,3.54,3.46
6027,0.61,8.15,10.07,17.13,24.73,12.64,9.67,9,8
6029,0.99,20.14,14.34,16.62,16.16,10.73,10.9,5.36,4.77
6031,0.99,18.37,16.8,15.58,16.81,10.67,9.89,4.4,6.48
6033,0.37,14.07,10.71,18.59,21.39,13.45,10.66,4.99,5.77
6035,0.37,12.51,14.83,16.96,19.1,8.47,9.04,7.16,11.56
6037,0.44,6.09,6.27,11.68,13.97,14.86,20.64,10.96,15.09
6039,0.77,23.52,17.95,15.96,16.83,9.07,7.1,4.54,4.28
6041,0.3,5.4,6.92,10.01,18.74,20.99,18.35,6.86,12.43
6043,0.2,17.1,16.34,19.28,20.62,8.7,5.33,3.01,9.41
6045,0.56,8.57,10.01,18.1,23.37,10.48,13.15,5.52,10.24
6047,0.49,21.22,16,16.01,16.91,10.1,9.1,5.37,4.8
6049,0.02,9.18,10.93,14.77,17.57,8.26,13.04,6.3,19.95
6051,0.22,13.76,12.88,17.23,35.81,9.64,3.56,2.26,4.64
6053,0.44,9.65,12.11,13.29,19.79,15.68,14.33,6.78,7.92
6055,0.49,13.46,11.32,14.55,18.29,12.65,13.8,6.81,8.64
6057,0.33,13.88,17.35,22.74,23.89,7.63,3.76,3.54,6.89
6059,0.82,9.3,11.5,15.66,24.74,19.81,13.44,2.21,2.53
6061,1.54,29.14,19.6,15.92,15.54,7.2,4.84,2.3,3.91
6063,0.42,11.61,15.66,19.57,20.72,8.06,8.92,4.56,10.48
6065,1,27.38,15.75,21.85,15.19,8.19,6.43,2.15,2.06
6067,0.47,15.76,12.67,16.94,19.67,12.18,12.88,4.58,4.84
6069,0.43,9.63,27.02,20.68,12.76,8.53,7.62,3.73,9.6
6071,0.6,15.5,13.25,23.07,17.65,10.54,11.34,4.24,3.81
6073,0.67,12.23,12.31,19.6,23.57,12.54,10.99,3.75,4.34
6075,0.46,6.94,4.41,5.1,7.03,8.04,9.38,10.25,48.4
6077,0.7,20.02,13.62,15.21,16.51,9.92,10.96,6.05,7.01
6079,0.52,16.44,13.24,21.97,21.71,9.77,7.54,3.85,4.95
6081,0.52,5.18,6.53,9.81,17.52,16.54,24.09,10.95,8.85
6083,0.35,9.33,8.94,15.36,18.34,21.93,13.36,4.69,7.7
6085,0.73,9.77,10.14,12.51,22.83,19.16,15.58,4.24,5.04
6087,0.35,8.46,8.27,14.3,22.29,15.5,10.91,7.93,11.99
6089,0.38,12.87,16.07,19.4,21.69,12.93,9.55,3.87,3.24
6091,0,7.45,12.79,17.48,16.82,3.5,6.53,9.77,25.67
6093,0.33,12.41,9,16.97,20.89,8.61,10.28,6.53,14.99
6095,0.69,13.68,13.8,21.55,21.06,9.47,8.63,4.54,6.58
6097,0.47,11.08,13.03,18.83,21.59,11.3,9.16,5.3,9.25
6099,0.34,17.35,14.56,17.2,19.72,9.99,9.64,5.4,5.81
6101,0.48,18.78,14.39,13.3,18.31,12.68,10.68,5.62,5.76
6103,0.32,17.26,14.03,17.43,18.65,11.83,8.66,3.54,8.28
6105,0.54,13.68,11.53,14.54,25.85,11.11,12.82,1.94,7.98
6107,1.16,17.83,15.19,16.05,18.74,10.44,9.73,5.15,5.72
6109,0.24,10.88,13.74,20.98,23.69,12.41,8.32,3,6.74
6111,0.38,11.36,10.65,17.47,22.96,20.55,10.33,2.87,3.42
6113,0.87,18.34,14.12,14.37,19.84,12.41,10.37,3.81,5.87
6115,0.98,24.1,10.98,11.31,19.4,12.61,10.1,5.04,5.48
8001,1.08,23.82,16.4,12.57,17.98,11.99,12.03,2.12,2.03
8003,0.27,12.78,14.21,14.18,21.93,9.28,9.49,3.76,14.09
8005,0.97,17.16,14.32,23.42,24.98,9,7,1.51,1.63
8007,0.94,32.9,20.73,23.29,13.45,2.69,1.18,1.45,3.37
8009,0.44,4.98,6.54,9.56,18.72,13.74,11.47,13.65,20.9
8011,0.55,4.82,10.6,10,16.29,6.7,7.94,10.28,32.81
8013,1.1,13.71,20.18,16.28,22.02,12.02,5.46,1.73,7.5
8014,2.68,34,23.04,11.02,17.73,5.26,5.45,0.1,0.71
8015,0.66,23.97,19.1,7.14,19.67,7.94,5.02,1.83,14.68
8017,0.11,7.01,10.52,17.53,11.26,9.03,11.16,7.12,26.25
8019,0.7,11.38,14.37,12.73,20.97,12.68,4.58,2.76,19.81
8021,0.4,7.79,12.69,17.52,15.49,6.53,9.73,9.19,20.65
8023,0.72,10.27,16.6,20.93,16.15,9.26,5.61,4.33,16.15
8025,0.06,6.37,13.07,7.86,11.78,5.22,9.08,8.44,38.12
8027,1.48,32.18,19.64,12.1,12.79,4.88,6.09,1.95,8.89
8029,0.32,15.03,18.6,11.07,18.97,7.6,4.67,5.12,18.62
8031,1.44,13.7,6.87,8.25,14.15,11.99,16.13,7,20.48
8033,0.35,12.8,18.39,6.43,15.45,10.14,12.31,15.59,8.53
8035,1.73,37.83,36.56,15.03,5.99,1.27,0.63,0.21,0.74
8037,0.08,21.23,28.84,22.55,19.32,4.04,1.07,0.71,2.17
8039,1.04,23.84,34.58,13.87,13.11,2.27,2.89,1.47,6.93
8041,1.37,20.8,16.65,18.2,18.05,10.19,7.27,1.94,5.53
8043,0.69,15.08,18.75,12.73,18.62,7.63,6.82,3.09,16.59
8045,1.21,26.89,21.15,17.84,13.2,4.74,3.9,1.3,9.76
8047,0.38,14.76,23.91,9.65,18.6,13.47,3.93,0,15.29
8049,0.43,27.14,17.72,16.93,19.52,4.95,3.46,1.57,8.27
8051,0.5,19.25,21.32,13.37,21.55,8.03,3.52,1.96,10.5
8053,0,12.85,21.08,21.42,19.07,6.5,5.81,1.66,11.61
8055,0.96,13.07,15.36,14.38,12.21,4.83,6.69,3.74,28.75
8057,0,10.05,20.03,7.46,19.4,8.96,6.28,4.32,23.49
8059,0.62,10.35,14.67,17.23,27.67,13.99,9.87,2.5,3.1
8061,0,6.46,15.44,10,12.78,9.11,9.75,10.51,25.95
8063,0.29,7.46,9.66,9.4,22.49,13.75,11,7.26,18.69
8065,0.13,11.59,8.59,9.46,14.06,8.76,10.54,4.53,32.35
8067,1.04,22.54,20.55,16.93,15.98,6.04,6.34,3.15,7.44
8069,1.47,21.42,20.67,14.61,21.14,7.79,4.11,2.02,6.78
8071,0.36,13.32,12.41,8.62,10.68,6.18,7.21,6.71,34.51
8073,1,6.42,9.79,11.2,17.89,10.79,10.15,6.78,25.99
8075,1.09,5.25,10.89,8.96,16.98,11.19,17.72,6.47,21.45
8077,1.03,22.78,17.2,13.96,21.95,5.23,7.14,2.98,7.73
8079,0.24,19.31,21.07,16.99,13.86,4.49,6.01,2.08,15.95
8081,0.02,8.72,13.85,15.45,31.76,8.7,7.09,5.4,9.01
8083,0.7,17.73,15.16,17.03,17.77,5.97,11.27,3.63,10.75
8085,0.46,26.48,19.96,12.27,18.33,6.77,5.01,1.79,8.93
8087,0.33,13.05,10.89,7.97,20.17,9.37,14.78,4.86,18.59
8089,0,4.29,8.18,6.74,14,12.75,13.99,9.32,30.73
8091,1.76,30.28,22,14.34,11.02,3.1,4.3,0.33,12.87
8093,0,24.24,25.58,14,18.66,6.62,4,0.52,6.39
8095,1.03,5.47,6.72,8.23,19.72,8.13,9.1,6.12,35.48
8097,0.7,19.67,18.76,17.06,25.15,11.29,1.46,1.23,4.67
8099,0.39,6.36,7.23,8.31,16.79,13.15,11.02,9.07,27.7
8101,0.47,15.37,13.88,6.65,16.7,10.42,14.04,5.9,16.58
8103,0,12.11,12.29,14.3,27.61,9.47,6.61,5.89,11.72
8105,0.84,14.8,15.17,11.98,12.9,10.43,8.42,5.39,20.07
8107,0.45,23.52,24.21,18.12,18.09,4.9,2.34,2.14,6.23
8109,0.62,18.33,19.93,13.94,12.19,6.17,5.66,3.81,19.36
8111,0.69,19.78,5.22,19.51,9.89,1.1,4.26,0.41,39.15
8113,0.39,26.86,32,19.52,7.87,1.75,1.6,0.96,9.06
8115,0.47,1.56,4.59,5.21,14.94,4.51,13.39,12.84,42.49
8117,0.35,17.28,26.47,20.54,29.28,4.13,0.7,0.25,1
8119,0.4,17.04,24.9,22.74,19.23,5.07,2.05,0.7,7.86
8121,0.29,8.31,7.07,9.14,15.18,6.08,13.65,6.87,33.42
8123,1.37,31.97,17.2,8.95,16.34,7.34,4.81,2.11,9.92
8125,0.34,4.87,8.9,6.72,14.63,10.69,11.38,9.99,32.48
9001,0.78,6.85,6.79,11.43,13.55,14.5,17.12,7.56,21.42
9003,0.29,6.11,6.73,13.18,13.07,14.35,18.2,8.57,19.48
9005,0.29,7.86,8.96,14.44,13.99,10.48,12.93,5.75,25.3
9007,0.41,9.34,10.89,15.72,14.69,12.31,11.59,5.38,19.68
9009,0.46,5.64,7.42,12.66,12.95,12.47,15.02,6.99,26.39
9011,0.52,8.86,9.25,13.11,14,13.02,12.36,4.73,24.16
9013,0.62,11.43,9.92,15.53,13.82,14.97,14.31,4.49,14.92
9015,0.55,9.47,8.5,15.8,14.29,10.23,9.59,4.65,26.92
10001,2.71,28.56,18.83,13.45,12.52,8.97,6.42,2.24,6.31
10003,0.86,11.41,13.93,13.38,12.14,14.48,15.07,6.71,12.01
10005,1.85,29.46,19.17,18.62,12.3,6.92,4.16,2.08,5.42
11001,1.09,8.74,2.98,4.36,7.78,12.27,13.56,13.59,35.63
12001,0.8,19.91,19.59,20.31,18.62,9.44,6.4,1.94,2.97
12003,0.38,21.9,23.79,16.13,20.99,7.41,5.43,2.93,1.06
12005,0.79,23.4,18.4,24.62,13.98,6.47,6.84,3.8,1.71
12007,0.23,16.54,16.96,16.22,22.14,9.35,9.71,4.7,4.15
12009,0.56,19.83,16.41,25.88,14.32,15,6.38,0.78,0.85
12011,0.47,11.53,16.15,18.27,26.91,15.56,9.1,1.22,0.79
12013,1.61,16.95,19.96,22.13,15.57,12.08,4.66,4.64,2.39
12015,0.47,25.05,17.73,29.47,15.74,7.51,3.27,0.18,0.59
12017,0.33,22.4,20.64,27.65,18.3,6.32,2.91,0.66,0.79
12019,0.68,30.36,20.15,22.27,14.23,6.66,2.79,1.45,1.41
12021,0.61,24.68,29.3,26.66,12.95,3.91,1.25,0.3,0.33
12023,1.68,22.13,23.79,21,14.61,8.07,4.42,2.24,2.04
12027,1.1,19.89,21.13,21.19,19.13,8.39,5.15,1.04,2.97
12029,1.19,22.73,19.64,22.41,14.4,7.83,6.78,3.09,1.94
12031,1.01,20.35,15.02,16.3,13.86,11.35,11.6,5.41,5.09
12033,0.91,15.83,16.76,19.35,18.55,10.91,10.01,4.18,3.51
12035,0.82,45.2,23.52,17.97,8.85,1.77,1,0.38,0.48
12037,0.51,21.64,17.74,17.61,12.26,9.25,6.54,8.04,6.42
12039,1.37,18.3,21.64,16.06,11.63,9.56,9.33,5.92,6.21
12041,0.88,24.3,31.6,22.04,13.25,4.35,1.78,0.41,1.38
12043,0.77,19.01,21.2,26.32,18.2,8.14,4.01,1.3,1.03
12045,0.51,23.43,17.38,18.82,10.91,10.88,12.03,3.89,2.16
12047,1.11,19.96,20.47,18.19,15.61,7.67,4.54,4.89,7.55
12049,1.41,17.23,18.88,17.92,18.32,11.05,6.54,3.37,5.29
12051,1.12,18.27,24.5,22.5,22.16,5.67,3.12,1.09,1.57
12053,0.68,25.63,19.18,32.17,14.85,4.09,2.13,0.56,0.7
12055,0.37,17,19.92,26.68,20.62,6.65,4.94,1.54,2.27
12057,1.71,22.57,17.68,20.51,15.33,9.22,7.62,2.29,3.06
12059,0.62,13.02,17.94,21.63,20.53,9.97,7.46,4.75,4.08
12061,0.52,28.06,20,23.69,16.03,5.54,4.07,0.77,1.31
12063,0.67,14.13,18.08,17.79,17.64,9.03,10.1,6.4,6.16
12065,1.09,19.4,26.1,17.54,13.83,6.08,4.49,2.36,9.11
12067,3.1,27.71,23.62,17.36,13.03,3.04,5.91,1.52,4.71
12069,1.08,32.12,21.9,18.21,12.8,5.14,4.65,1.38,2.71
12071,0.65,34.46,17.95,21.5,15.84,5.65,2.61,0.6,0.74
12073,1.03,19.58,21.3,21.27,17.28,8.49,6.89,2.41,1.77
12075,1.2,20.55,27.57,19,17.89,7.16,3,1.42,2.21
12077,0,21.57,17.11,25.12,9.83,7.25,6.77,6.8,5.55
12079,0.62,15.32,16.13,16.91,17.05,13.15,8.13,5.27,7.42
12081,1.17,22.38,15.2,19.61,20.7,10.09,7.13,1.88,1.82
12083,0.54,28.6,21.54,23.46,14.53,5.71,3.19,0.92,1.51
12085,0.47,15.86,18.16,30.61,24.13,5.82,3.35,0.84,0.77
12086,0.55,14.38,11.83,15.52,19.36,13.39,15.04,6.12,3.8
12087,0.69,10.55,13.54,24.4,21.61,11.97,8.12,2.67,6.44
12089,1.94,29.97,19.6,20.58,13.67,5.24,4.64,1.29,3.06
12091,1.54,20.09,21.37,22.7,15.47,10.37,6.03,1.54,0.9
12093,0.43,16.43,22.12,23.92,22.35,9.78,2.77,1.1,1.09
12095,1.15,25.86,20.39,20.7,13.03,7.83,7.71,1.78,1.54
12097,1.52,38.99,26.48,18.52,8.33,2.64,1.79,0.58,1.16
12099,0.46,16.79,17.73,28.25,20.1,8.47,5.22,1.34,1.65
12101,1.11,24.81,16.28,22.45,24.13,6.75,2.69,0.83,0.95
12103,0.31,6.25,9.23,20.36,28.6,16.05,13.21,2.49,3.5
12105,1.02,25.06,17.18,20.45,15.86,8.36,6.44,2.22,3.41
12107,1.04,14.75,16.03,23.03,19.52,10.55,7.54,2.55,4.98
12109,2.52,35.6,21.92,20.42,9.85,2.71,2.99,1.18,2.8
12111,0.49,32.06,17.79,25.12,13.56,5.33,3.72,0.9,1.05
12113,1.34,28.98,26.47,18.26,12.45,6.31,4.09,1.08,1.02
12115,0.61,20.06,15.36,21.26,22.76,9.95,7.39,1.31,1.29
12117,0.7,17.91,19.1,29.14,20.39,6.41,4.26,0.9,1.2
12119,8.03,52.27,18.18,9.5,6.17,3.01,1.41,0.52,0.92
12121,1.59,20.1,24.6,20.78,15.87,6.44,3.76,2.59,4.26
12123,0.5,15.93,23.21,16.08,16.93,8.31,9.22,3.48,6.34
12125,1.63,18.69,25.85,17.86,15.94,8.93,2.75,1.9,6.45
12127,0.65,18.02,16.37,25.71,18.46,8.97,7.75,1.75,2.32
12129,0.73,31.92,26.86,18.82,12.09,3.49,2.82,0.83,2.43
12131,1.22,36.05,23.3,18.49,9.72,3.96,3.25,2.01,2
12133,0.72,18.71,21.02,18.67,17.55,7.78,6.79,3.96,4.8
13001,0.13,15.7,27.5,16.92,14.96,9.7,4.23,3.55,7.31
13003,0.57,10.49,23.65,15.05,17.31,11.72,5.27,4.18,11.75
13005,2.08,8.22,21.75,14.73,16.78,13.97,9.71,4.41,8.35
13007,0.55,18.28,18.22,12.98,15.75,19.2,4.8,2.22,8
13009,0.21,17.38,21.39,18.84,15.14,11.58,7.93,2.93,4.59
13011,0.77,24.83,25.54,16.41,11.35,7.38,4.97,3.38,5.38
13013,0.44,38.71,23.37,15.38,8.51,5.56,3.88,1.64,2.51
13015,0.35,24.96,27.37,17.39,12.28,6.99,5.24,3,2.41
13017,0.11,13.41,21.07,17.67,17.1,10.67,9.67,3.49,6.8
13019,1.28,14.4,24.41,15.97,15.95,8.27,10.06,4.05,5.61
13021,0.76,12.21,13.28,12.97,17.93,15.48,13.95,5.35,8.06
13023,0.59,13.08,20.84,11.4,18.76,17.07,8.58,2,7.68
13025,0.69,20.28,29.33,19.7,14.01,5.92,6.28,1.11,2.68
13027,1.13,17.33,23.54,15.7,10.2,6.64,8.54,5.49,11.43
13029,1.9,32.09,26.27,14.62,11.83,4.55,2.01,3.72,3.01
13031,2.11,30.51,20.57,16.49,12.7,6.85,5.27,1.43,4.08
13033,0.67,17.29,20.88,19.19,16.29,8.49,5.36,4.09,7.73
13035,0.02,25.61,21.8,13.22,13.47,8.74,7.5,3.18,6.46
13037,0.68,5.29,22.47,11.17,23.11,12.84,7.29,6.23,10.92
13039,1.59,25.87,26.59,22.99,8.06,4.11,4.66,3.34,2.79
13043,0.47,19.17,21.67,19.85,15.63,8.47,2.39,3.45,8.9
13045,0.48,27.57,19.52,15.49,14.22,7.19,5.91,2.89,6.74
13047,1.22,25.36,22.36,13.57,13.97,9.62,5.79,4.11,4.01
13049,2.14,12.23,22.69,19.87,9.33,10.02,7.95,5.45,10.32
13051,1.88,21.2,13.5,14.31,13.87,9.84,10.21,5.42,9.76
13053,0.27,7.92,10.66,11.02,17.27,17.09,16.58,5.81,13.4
13055,0.08,9.92,16.29,16.26,17.27,13.08,10.12,7.9,9.08
13057,1.32,37.99,26.23,17.97,9.63,2.8,1.68,0.69,1.69
13059,0.66,18.39,19.05,18.38,18.54,10.95,6.25,2.94,4.83
13061,0,11.59,24.53,9.07,19.59,10.52,5.96,6.07,12.67
13063,0.28,24.65,17.47,18.6,20.66,12.1,4.2,1.28,0.76
13065,0.43,10.1,19.59,17.65,16.52,16.82,8.36,5.75,4.78
13067,0.9,19.34,21.95,26.67,16.12,8.29,4.41,1.09,1.24
13069,0.68,16.29,25.92,16.78,15.99,9.16,4.71,5.18,5.3
13071,1.72,12.15,20.77,18.29,16.77,11.75,9.46,3.44,5.65
13073,4.63,29.12,24.01,22.21,12.56,4.5,1.52,0.68,0.77
13075,0.72,15.1,23.73,16.02,16.78,10.31,8.25,2.09,6.99
13077,1.96,33.46,28.83,12.95,8.23,3.93,4.06,1.94,4.63
13079,1.48,18.68,29.29,19.51,16.04,6.78,1.89,2.2,4.13
13081,0.3,11.56,21.18,17.89,16.41,9.98,10.59,5.52,6.57
13083,0.76,17.04,28.44,14.44,11.5,11.7,6.2,3.31,6.62
13085,0.78,30.98,28.79,20.91,10.14,3.87,2,1.1,1.43
13087,0.64,11.68,25.23,15.65,17.33,7.51,7.85,5.91,8.2
13089,0.61,18.46,14.56,16.56,18.09,14.93,9.91,3.35,3.53
13091,1.14,8.14,17.54,14.64,22.37,11.71,11.97,7.33,5.15
13093,0.1,7.16,20.65,18.96,18.02,11.47,8.8,6.09,8.75
13095,0.9,11.85,12.87,12.1,23.37,17.39,12.29,5.58,3.65
13097,0.74,33.68,21.27,15.53,15.55,7.05,3.16,1.41,1.62
13099,0.55,14.02,20.3,11.22,19.51,14,6.74,6.18,7.49
13101,0.29,18.99,26.55,18.87,15.89,6.92,5.8,2.58,4.1
13103,1.39,36.06,26.11,15.02,7.71,4.93,3.28,1.91,3.58
13105,0.19,9.7,18.26,14.77,20.29,15.99,9.15,4.62,7.03
13107,0.73,11.72,18,16.84,19.76,13.34,7.65,4.07,7.89
13109,0.04,16.79,23.96,18.02,10.29,10.09,6.33,4.78,9.71
13111,0.19,27.59,20.66,18.49,12.92,7.81,6.08,2.55,3.7
13113,0.64,19.85,30.86,27.79,14.75,3.88,0.47,0.32,1.44
13115,0.34,14.39,14.97,15.35,14.58,12.22,13.29,6.18,8.68
13117,2.45,44.58,32.4,11,4.71,2.23,1.09,0.55,0.98
13119,0.63,17.02,21.58,16.8,20.77,8.87,5.36,3.13,5.83
13121,1.11,25.07,17.97,14.59,11.94,10.65,7.94,3.94,6.8
13123,0.28,29.94,27.99,19.82,9.03,3.85,3.48,1.9,3.7
13125,0.93,10.21,24.65,16.17,10.01,10.74,11.73,1.86,13.72
13127,0.7,24.46,16.82,16.43,14.58,10.18,8.07,4.44,4.33
13129,0.48,22.72,21.91,16.44,16.99,9.67,5.48,2.99,3.32
13131,1.48,19.82,21.38,15.82,13.55,7.09,9.47,3.82,7.57
13133,1.08,24.31,22.85,15.12,13.6,8.75,4.8,2.41,7.09
13135,0.99,29.81,30.55,22.25,10.91,3.24,1.29,0.44,0.51
13137,0.65,21.38,23.95,19.91,13.17,8.61,5.8,2.49,4.05
13139,0.43,26.7,24.35,15.71,13.57,8.45,5.91,2.36,2.52
13141,0.64,16.66,22.2,17.52,15.83,9.4,5.11,2.56,10.08
13143,0.11,16.37,19.57,14.67,15.12,13.28,8.65,6.02,6.21
13145,2.1,27.01,23.82,17.89,10.77,6.87,5.32,0.91,5.29
13147,0.08,14.4,21.9,17.88,18.26,11.61,5.23,4.2,6.44
13149,0.43,15.47,27.49,20.2,13.21,8.07,4.26,3.61,7.25
13151,1.16,43.77,29.95,12.64,5.95,3.19,1.2,0.69,1.44
13153,1.67,26.89,21.93,15.2,15.28,10.41,5.83,1.69,1.09
13155,0.17,8.58,22.25,17.46,15.77,10.89,12.38,5.08,7.42
13157,0.5,38.75,21.85,13.28,8.35,5.81,4.22,2,5.22
13159,1.34,31.88,17.38,15.99,11.72,6.23,7.5,2.08,5.87
13161,0.23,14.84,22.44,13.97,17.43,16.11,5.81,4.96,4.2
13163,1.36,7.44,20.01,13.46,20.51,11.14,9.9,4.75,11.43
13165,0.13,7.48,21.58,11,21.73,11.81,9.42,3.53,13.32
13167,1.96,7.07,16.85,18.22,18.68,9.56,8.46,3.52,15.68
13169,0.23,26.39,22.26,17.97,17.62,7.46,3.97,0.7,3.4
13171,0.36,22.59,17.39,12.25,16.08,8.91,6.68,3.78,11.97
13173,4.85,31.51,18.27,18.46,9,7.62,4.52,3.17,2.61
13175,0.68,14.38,23.19,17.41,13.68,13.36,6.71,3.74,6.84
13177,1.45,28.32,33.54,15.45,10.69,4.5,2.78,0.68,2.6
13179,2.18,23.37,27.85,20.73,12.75,5.68,4.08,1.55,1.8
13181,0.52,8.25,24.3,19.9,22.94,10.41,4.59,2.18,6.91
13183,6.17,26.45,26.98,21.07,10.8,3.41,2.13,2.18,0.8
13185,2.21,21.66,19.3,15.14,19.13,9.54,7.2,2,3.81
13187,0.74,32.8,25.19,20.54,10.39,4.86,3.27,0.54,1.67
13189,0.82,10.76,16.69,16.23,26.31,13.54,7.31,3.74,4.6
13191,0.57,28.42,29.18,14,9.41,7.2,4.46,2.26,4.49
13193,0,10.54,18.44,18.49,14.36,11.92,9.09,6.7,10.47
13195,1.11,14.96,23.32,16.07,19.23,9.02,5.55,3.2,7.53
13197,0.7,18.19,24.67,17.9,15.48,7.11,3.12,2.39,10.43
13199,0.87,13.66,19.57,16,15.86,9.31,6.58,4.94,13.21
13201,0.43,9.98,15.15,13.09,20.97,16.34,10.56,6.11,7.38
13205,0.8,12.24,21.69,13.47,15.09,13.33,10.45,5.87,7.06
13207,0.9,25.96,21.07,18.08,13.17,7.09,5.24,3.52,4.96
13209,0.72,13.79,19.31,18.72,20.1,7.77,5.62,4.41,9.56
13211,0.21,25.09,23.01,17.68,12.9,6.46,4.78,2.35,7.52
13213,0.59,16.26,31.72,19.68,14.05,8.26,2.97,2.34,4.13
13215,2.21,17.13,11.37,12.48,15.45,15.64,13.72,6.08,5.91
13217,0.33,38.38,25.5,11.9,9.44,5.81,3.96,1,3.67
13219,1.39,28.47,23.45,18.99,14.35,5.08,3.28,1.08,3.91
13221,0.36,22.58,18.2,17.37,16.19,9.31,6.1,1.91,7.98
13223,0.74,45.55,28.87,12.47,5.54,2.5,1.72,1.02,1.59
13225,1.08,20.3,20.19,14.35,20.45,10.31,6.1,1.53,5.69
13227,1.2,32.95,27.05,13.06,9.87,5.15,4.31,2.98,3.45
13229,1.22,20.68,22.62,17.94,15.46,6.27,5.43,2.75,7.63
13231,1.24,29.2,25.25,13.1,12.91,6.26,1.19,2.56,8.28
13233,0.82,17.66,16.91,14.06,16.75,10.11,6.47,5.75,11.48
13235,0.49,11.34,15.61,18.66,18.48,12.83,10.16,5.37,7.07
13237,0.49,27.06,27.22,18.51,10.94,5.99,3.17,0.92,5.71
13239,0,14.67,31.09,18.96,18.76,2.68,4.04,5.36,4.43
13241,0.65,15.99,25.48,25.47,13.02,7.14,5.1,1.69,5.45
13243,1.21,6.04,19.6,16.12,6.44,13.32,10.66,6.41,20.21
13245,1.56,12.99,13.31,16.34,18.03,14.51,10.61,5.48,7.18
13247,0.19,22.02,23.52,25.54,18.37,5.93,2.36,0.81,1.25
13249,0.94,14.38,20.27,21.12,21.94,6.74,4.89,1.89,7.81
13251,0.61,10.99,18.59,18.15,16.84,10.18,9.29,4.71,10.63
13253,0,11.81,16.54,22.88,18.31,13.35,5.69,8.65,2.77
13255,1.08,16.78,17,14.53,16.83,11.35,9.4,6.88,6.16
13257,0.28,16.61,17.96,18.56,14.09,9.67,8.77,8.49,5.56
13259,0.08,4.12,16.8,13.41,20.7,11.58,11.62,5.35,16.33
13261,0.72,10.6,19.89,17.52,17.14,11.99,8.73,4.04,9.37
13263,0.38,14.23,26.61,19.41,10.54,9.32,6.1,3.08,10.33
13265,0.49,9.05,10.82,14.16,19.67,12.68,8.16,5.11,19.86
13267,1.63,17.66,21.71,16.66,13.74,10.35,7.1,3.66,7.5
13269,0.22,12.49,23.09,14.83,18.21,14.88,6.36,4.26,5.65
13271,0.01,5.59,11.31,15.01,17.53,12.09,12.51,14.43,11.51
13273,0.62,9.74,21.94,13.17,15.95,13.29,6.81,2.47,16.02
13275,0.64,16.48,19.09,15.73,13.78,9.37,8.32,5.72,10.87
13277,0.76,13.9,22.15,16.74,16.34,11.29,8.78,5.89,4.15
13279,0.34,12.77,14.71,23.29,16.98,15.35,7.47,5.32,3.77
13281,0.45,25.61,29.17,17.04,13.78,7.32,2.66,1.57,2.39
13283,0.71,10.35,17.9,15.55,16.13,11.41,7.49,7.71,12.76
13285,0.95,17.35,15.31,16.38,16.03,8.43,10.94,6.72,7.9
13287,0.39,14.78,19.04,10.78,12.27,13.71,11.09,4.76,13.18
13289,0,13.8,22.51,18.83,19.54,11.02,6.89,0.64,6.77
13291,1.07,28.5,26.44,18.63,11.93,6.18,4.11,0.28,2.86
13293,0.58,10.66,17.01,14.91,14.68,11.71,7.66,5.79,16.99
13295,0.57,13.05,16.6,14.43,14.99,14.15,11.77,6.66,7.8
13297,0.64,33.1,26.13,17.98,9.88,5.13,3.08,1.2,2.85
13299,0.29,11.37,18.26,12.92,14.99,10.39,10.84,7.92,13.03
13301,0.17,6.65,14.59,17.43,18.37,14.96,6.45,5,16.38
13303,0.62,12.29,22.51,15.19,15.47,9.72,8.07,4.72,11.41
13305,0.26,22.04,20.11,18.07,11.32,8.04,10.72,2.97,6.45
13307,0,7.56,31.71,13.7,25.84,7.83,4.59,3.24,5.53
13309,0.08,10.38,11.05,19.65,20.89,9.56,10.1,10.05,8.23
13311,0.24,21.87,25.61,25.25,14.12,4.38,3.56,1.37,3.6
13313,0.32,15.64,20.04,16.88,19.75,13.64,6.67,3.71,3.36
13315,1.78,8,17.66,19.92,15.94,12.38,6.79,6.62,10.92
13317,0.16,11.56,12.46,12.44,22.53,13.7,9.99,6,11.18
13319,1.26,11.01,20.36,16.97,16.95,11.37,12.24,4.15,5.7
13321,1.76,11.37,20.66,21.36,17.93,8.3,6.22,3.66,8.74
15001,1.02,22.13,19.03,20.15,19.67,6.26,4.38,2.93,4.43
15003,1.19,11.21,12.64,12.64,24.73,19.11,10.91,4.15,3.42
15005,0,0,2.3,0,10.34,10.34,12.64,32.18,32.18
15007,0.75,13.3,21.47,23.71,20.74,6.28,7.25,3.44,3.07
15009,0.59,17.82,16.97,20.87,24.42,8.57,5.21,2.48,3.06
16001,1.88,27.07,23.17,11.33,18.38,5.1,5.07,3.22,4.78
16003,0.98,21.31,15.75,13.85,15.14,10.07,6.55,7.34,9.01
16005,0.75,12.47,13.8,8.45,23.28,10.2,12.5,6.05,12.5
16007,0.08,17.17,9.62,11.83,16.91,5.71,8.18,5.1,25.39
16009,0.24,13.2,13.85,16.42,24.95,8.11,5.21,5.13,12.89
16011,1.39,14.44,12.51,10.01,21.11,9.17,12.99,5.16,13.22
16013,0.49,18.19,24.33,15.46,26.9,5.2,3.4,1.61,4.41
16015,0.7,13.92,26.96,21.03,17.34,6.37,5.54,3.25,4.89
16017,0.49,23.7,20.81,12.02,19.85,6.56,5.7,3.44,7.43
16019,1.1,23.18,13.11,9.04,18.98,8.67,12.98,4.74,8.21
16021,0,18.77,21,18.18,16.25,5.13,5.02,6.26,9.39
16023,0,10.21,9.47,12.73,19.69,11.7,13.99,6.74,15.47
16025,0,22.85,14.03,10.63,11.65,6.11,6.11,8.48,20.14
16027,1.03,32.7,21.14,8.06,14.94,5.58,5.15,4.83,6.56
16029,0.06,8.06,10.17,8.27,27.59,8.55,12.44,5.72,19.13
16031,1.72,10.03,13.59,7.5,20.36,11.91,10.28,6.44,18.17
16033,3.09,12.73,8.36,4.55,22.18,5.82,3.45,8.18,31.64
16035,1.46,10.99,12.56,10.43,24.99,13.62,9.42,6.7,9.84
16037,1.02,11.88,14.06,23.96,19.24,7.92,8.58,3.17,10.17
16039,0.95,24.32,17.55,12.25,20.3,9.31,8.17,2.31,4.82
16041,1.13,16.57,14.85,9.19,12.4,4.28,7.97,4.73,28.88
16043,0.98,17.67,15.78,8.77,23.15,9.55,8.64,3.16,12.31
16045,0.21,19.22,19.42,7.38,24.65,6.14,4.82,3.79,14.36
16047,0.58,12.5,19.26,8.94,18.6,9.66,10.93,6.21,13.32
16049,0.63,13.48,14.44,10.89,22.35,9.63,9.51,6.64,12.43
16051,1.12,28.5,14.75,7.98,18.4,5.46,8.62,4.02,11.14
16053,0.83,15.95,13.22,11.94,27.27,5.63,8.24,7.49,9.43
16055,1.98,26.2,23.98,10.66,18.47,6.25,4.11,2.54,5.81
16057,0.53,15.28,17.7,10.98,19.03,10.61,4.42,4.36,17.09
16059,1.98,10.05,19.19,11.14,23.24,8.17,7.56,4.85,13.82
16061,0.42,8.91,14.75,4.77,20.64,7.59,13.47,7.21,22.23
16063,0.45,18.19,15.11,3.99,19.35,8.84,5.81,7.12,21.12
16065,2.59,34.94,12.21,12.17,22.7,5.52,3.14,1.85,4.88
16067,0.71,8.74,12.15,9.19,22.23,15.01,12.46,4.34,15.18
16069,0.37,10.75,12.28,11.88,20.38,9.07,13.65,7.77,13.85
16071,0,14.98,15.34,9.18,12.8,2.28,7.52,9.85,28.05
16073,0.54,13.45,20.35,9.07,24.02,6.31,8.82,4.63,12.8
16075,0.92,16.66,15.1,11.27,20.53,8.5,7.47,5.86,13.68
16077,0.2,6.27,12.37,14.28,31.07,7.19,9.13,7.19,12.3
16079,0.26,6.39,6.49,6.42,16.57,9.1,14.22,12.63,27.93
16081,0,39.77,24.2,11.7,11.79,3.75,3.51,1.11,4.17
16083,2.25,19.29,13.81,9.07,18.83,7.38,9.28,6.12,13.96
16085,0.07,21.26,21.73,17.37,20.22,5.64,4.74,3.42,5.56
16087,0.64,10.38,18.18,8.72,19.12,7.05,9.36,7.03,19.52
17001,0.62,9.7,9.26,7.17,14.12,11.93,13.57,8.31,25.33
17003,1.48,4.68,11.24,10.51,14.18,10.79,7.37,7.09,32.66
17005,0.62,17.53,12.52,10.39,14.59,8.17,6.69,7.47,22.03
17007,0.41,24.47,21.22,7.36,9.24,10.78,6.07,1.79,18.65
17009,0.37,10.46,11.48,5.66,7.53,6.27,14.58,7,36.64
17011,0.33,5.04,7.13,5.75,13.45,9.86,12.26,7.89,38.3
17013,0.28,14.83,15.35,8.79,8.15,9.71,9.81,7.02,26.05
17015,0.26,7.93,9.46,8.32,15.02,7.36,8.94,6.29,36.42
17017,0.21,5.79,8.95,7.22,17.5,9.85,8.49,9.57,32.43
17019,1.05,16.39,12.71,11.96,16.43,12.86,11.17,4.46,12.97
17021,0.17,7.41,7.82,6.61,15.91,8.5,10.57,8.34,34.67
17023,0.93,13.39,12.23,4.73,16.01,11.21,8.77,8.77,23.99
17025,0.39,9.76,13.19,11.5,16.84,12.73,10.46,6.95,18.17
17027,1.13,16.29,13.59,11.92,13.83,12.16,9.4,5.23,16.45
17029,0.41,8.09,9.43,9.51,18.18,12.1,12.43,6.53,23.32
17031,0.34,7.9,5.97,6.65,11.93,12.9,15.74,7.4,31.17
17033,1.01,7.05,9.6,9.79,12.19,11.51,14.36,9.83,24.67
17035,0.37,9.72,11.43,9.48,17.19,11.79,9.93,7.94,22.15
17037,0.52,19.45,16.28,8.21,14.53,11.4,8.74,3.79,17.08
17039,1.04,7.12,8.47,7.06,14.52,12.12,9.62,6.8,33.26
17041,0.56,8.79,10.76,7.75,13.83,11.62,11.75,6.66,28.28
17043,0.38,8.92,15.24,18.19,24.22,13.28,11.01,2.94,5.81
17045,2.36,6.63,6.7,6.72,15.86,9.54,11.71,7.37,33.12
17047,0.57,4.51,10.3,12.41,13.89,8.76,12.79,10.08,26.69
17049,1.45,10.53,14.82,13.38,19.26,12.44,9.67,4.2,14.26
17051,0.33,8.51,11.78,10.6,15.58,10.46,11.81,8.44,22.47
17053,1.43,5.53,4.99,7.38,13.56,9.1,14.59,7.18,36.24
17055,0.91,9.02,10.18,8.84,14.91,9.73,11,9.13,26.28
17057,0.17,5.8,5.12,5.44,16.2,10.12,10.69,9.35,37.11
17059,0.29,6.26,10,14.25,20.73,12.78,9.45,8.28,17.95
17061,0.13,8.11,11.44,4.87,10.12,8.76,9.78,6.67,40.12
17063,0.49,27.71,14.62,8.29,14.88,8.46,7.69,4.16,13.71
17065,1.5,11.91,10.32,10.52,15.69,8.38,10.84,12.5,18.34
17067,1.02,6.61,6.43,7.69,17.53,10.66,7.42,4.52,38.13
17069,0,8.56,13.6,11.6,14.07,7.65,11.16,8.95,24.41
17071,0.31,7.3,9.95,8.11,22.56,10.18,6.7,3.25,31.64
17073,0.27,5.84,7.42,5.17,15.79,11.27,12.16,9.03,33.07
17075,0.28,6.75,8.59,7.05,14.44,9.17,13.9,7.54,32.27
17077,0.69,13.21,11.55,13.23,21.43,11.1,8.84,5.26,14.7
17079,1.57,9.97,12.18,9.37,18.8,7.31,9.3,9.37,22.15
17081,0.81,11.38,14.52,12.05,19.88,9.4,9.67,7.76,14.53
17083,1.88,16.33,15.51,10.16,13.04,10.47,10.16,5.87,16.58
17085,0.47,12.8,13.77,10.83,12.73,6.13,6,3.47,33.79
17087,1.08,21.07,12.94,13.3,14.52,9.07,4.65,7.82,15.56
17089,0.65,21.88,16.98,8.91,12.99,9.55,9.31,3.64,16.09
17091,0.3,13.46,13.47,7.21,17.37,12.36,14.46,6.73,14.64
17093,1.55,49.61,15.37,5.53,11.25,5.78,4.38,1.56,4.96
17095,0.47,4.82,5.23,5.71,15.87,10.84,13.97,8.07,35.02
17097,0.51,15.1,19.92,14.52,16.28,9.98,11.13,3.71,8.84
17099,0.27,9.71,10.61,7.6,11.5,9.72,11.94,7.95,30.71
17101,0.71,5.89,9.06,5.63,15.02,9.92,12.54,11.56,29.69
17103,0.28,9.3,8.43,5.22,13.24,10.93,11.68,6.2,34.73
17105,0.52,6.69,11.45,7.43,12.64,10.39,11.13,5.51,34.24
17107,0.18,4.14,6.57,5.4,19.16,13.91,13.63,5.7,31.31
17109,0.54,9.25,9.42,5.98,20.13,9.95,9.9,5.75,29.09
17111,0.33,22.13,23.6,12.62,13.83,7.33,8.43,3.28,8.45
17113,1.31,16.18,18.2,10.35,17.44,9.55,7.54,3.45,15.97
17115,0.32,7.71,7.29,7.46,17.39,12.72,17.82,8.45,20.84
17117,0.11,9.91,11.46,7.04,15.06,10.07,9.48,9.48,27.4
17119,0.62,10.84,11.88,9.16,12.19,13.16,15.78,8.83,17.55
17121,0.95,8.7,10.41,11.49,18.23,11.25,11.91,8.34,18.72
17123,0.24,7.68,7.97,6.34,19.13,9.26,9.14,7.85,32.37
17125,0.24,4.65,6.97,5.65,19.39,13.02,11.36,8.5,30.22
17127,0.08,9.5,15.09,11.08,16.52,9.67,11.18,8.71,18.16
17129,1.01,11.36,16.91,6.5,19.54,9.84,5.44,4.7,24.69
17131,0.15,5.54,7.2,4.67,16.44,10,9.33,6,40.67
17133,1.2,20.87,23.88,14.24,7.83,9.06,6.35,4.35,12.22
17135,1.7,10.94,8.2,7.62,13.32,10.8,10.88,9.73,26.83
17137,0.45,8.49,10.83,6.29,15.66,12.31,12.57,7.83,25.58
17139,0.98,8.47,7.86,7.69,16.97,13.65,11.87,7.31,25.21
17141,0.33,12.77,12.91,7.79,15.79,10.2,10.27,4.28,25.65
17143,0.8,8.83,7.9,6.21,16.46,12.88,16.35,10.49,20.09
17145,0.7,8.51,9.7,11.03,19.12,9.92,10.19,6.72,24.11
17147,0.45,9.14,12.08,8.21,15.08,11.42,10.08,4.57,28.97
17149,0.93,6.84,9.41,3.99,15.68,10.79,12.12,7.56,32.67
17151,1.2,11.26,11.97,12.46,16.52,4.88,9.95,8.41,23.35
17153,0.32,6.39,11.67,9.99,15.55,10.85,7.54,5.6,32.09
17155,0.13,9.47,14.41,6.04,22.52,9.18,8.3,3.81,26.14
17157,0.84,8.8,9.14,9.8,17.91,10.94,13.12,6.07,23.38
17159,0.77,8.66,11.84,9.76,18.63,11.94,14.21,8.65,15.53
17161,0.71,6.06,6.38,6.29,13.68,16.3,15.11,9.49,25.96
17163,1.5,15.31,12.2,10.45,10.62,12.04,16.33,7.25,14.32
17165,0.75,9.06,10.29,10.43,17.42,9.48,11.83,12.07,18.68
17167,0.73,11.47,13.86,9.61,16.1,12.41,12.18,7.02,16.62
17169,0.87,9.21,8.19,6.77,17.57,7.9,9.29,5.43,34.77
17171,0.08,4.04,7.02,11.31,13.47,9.92,8.49,8.25,37.4
17173,0.53,6.27,10.68,9.17,14.72,13.1,12.44,8.92,24.19
17175,0,3.71,4.73,3.9,16.58,10.84,9.71,4.99,45.54
17177,0.12,4.54,9.28,8.93,13.04,9.71,11.08,5.98,37.32
17179,0.57,10.39,9.1,5.33,18.78,14.54,16.62,7.86,16.82
17181,1.2,8.62,12.18,10.49,12.41,8.95,9.17,7.76,29.24
17183,0.64,4.6,5.87,6.69,15.23,11.56,13.59,7.48,34.35
17185,0.05,9.03,9.21,7.7,15.88,7.62,17.53,9.93,23.05
17187,0.66,4.25,4.74,4.09,12.66,11.7,10.45,7.79,43.66
17189,0.94,8.67,10.9,9.31,16.7,10.82,8.96,6.17,27.51
17191,1.41,7.97,15.17,9.32,15.87,9.25,15.92,9.81,15.27
17193,0.34,7.82,7.11,10.3,14.72,10.76,16.88,12.34,19.72
17195,0.19,6.13,7.63,5.85,16.64,14.81,15.51,8.46,24.77
17197,0.56,27.37,22.86,8.92,14.26,8.2,7.53,2.91,7.4
17199,1.08,14.31,12.68,11.58,17.28,9.55,8.98,9.07,15.47
17201,0.45,10.97,12.97,8.79,15.39,14.09,13.9,7.53,15.9
17203,0.85,14.28,11.33,7.12,20.12,10.18,12.47,6.14,17.51
18001,0.63,10.22,13.38,9.81,14.07,8.21,8.59,6.52,28.56
18003,0.9,10.89,14.96,11.7,14.79,14.85,11.52,5.96,14.44
18005,1.24,11.15,17.08,10.04,15.51,13.16,13.03,6.19,12.61
18007,0,4.74,7.16,5.6,13.8,10.08,11.05,5.42,42.14
18009,0.23,6.13,11.9,8.97,13.14,13.34,11.68,5.82,28.78
18011,3.95,22.65,16.15,9.68,13.4,7.06,8.08,3.49,15.53
18013,1.03,14,19.86,11.16,18.05,13.04,7.53,5.25,10.07
18015,0,10.92,10.47,8.33,13.11,9.28,10.75,8.97,28.18
18017,0.59,5.59,6.87,6.72,12.81,8.9,10.89,7.34,40.29
18019,0.94,19.16,13.9,9.65,18.36,13.1,10.19,7.15,7.54
18021,0.61,12.89,14.15,5.38,13.95,8.13,9.02,7.06,28.82
18023,0.47,5.78,11.03,6.45,12.62,9.63,11.28,8.45,34.29
18025,1.06,19.01,25.47,12.9,14.5,6.09,3.38,2.12,15.47
18027,1.3,12.77,12.02,9.12,11.56,7.85,11.81,7.07,26.51
18029,1.27,12.25,21.81,12.15,13.63,8.91,8.49,4.27,17.22
18031,0.37,12.37,15.24,8.59,13.82,9.01,8.07,5.31,27.21
18033,0.5,12.41,16.16,10.16,11.69,7.63,7.08,4,30.37
18035,0.31,6.89,9.91,8.47,14.23,15.62,16.69,8.77,19.13
18037,1.91,11.18,16.21,15.28,15.99,9.48,9.33,6.18,14.44
18039,0.52,13.87,16.63,12.29,12.75,10.62,10.29,5.26,17.76
18041,0.22,4.66,9.4,7.6,16.69,13.3,12.18,7.69,28.27
18043,0.73,12.28,15.99,9.99,16.42,9.66,10.64,7.5,16.79
18045,0.89,7.27,12.43,10.27,11.59,10.41,9.38,6.19,31.57
18047,0.5,14.27,17.69,11.54,14.02,6.66,9.13,4.85,21.32
18049,0.48,10.74,14.41,7.63,17.54,7.89,9.75,5.14,26.43
18051,1.59,9.49,10.37,14.81,13.16,9.81,12.53,5.47,22.78
18053,0.82,7.09,9.22,7.12,14.42,13.95,15.41,5.84,26.13
18055,1.57,7.24,16.97,11.62,16.52,8.88,7.44,6.31,23.45
18057,3.36,34.87,25.18,12.7,9.75,5.44,3.22,1.13,4.36
18059,0.97,25.27,20.79,8.39,14.62,9.18,6.57,3.02,11.17
18061,1.1,14.3,25.65,11.04,15.54,6.8,7.06,4.66,13.86
18063,2.2,32.97,23.15,7.3,11.88,8.52,6.77,1.8,5.41
18065,0.34,6.72,8.45,6.99,15.09,12.33,13.58,7.47,29.02
18067,0.41,8.74,11.81,7.72,14.08,17.01,12.98,5.76,21.49
18069,1.18,9.72,10.13,7.85,11.91,9.38,7.12,5.75,36.97
18071,0.77,13.38,18.94,10.41,14.27,12.99,9.34,4.45,15.44
18073,1.11,18.17,18.99,8.65,18.47,7.38,8.21,6.88,12.14
18075,0.48,5.64,7.18,6.71,15.03,9.62,9.74,6.39,39.22
18077,0.4,11.51,14.62,8.98,19.29,14.58,7.03,3.05,20.54
18079,1.05,10.15,23.4,14.54,16.52,9.75,7.15,3.68,13.76
18081,2.21,24.26,20.18,11.74,15.48,9.52,7.79,2.08,6.73
18083,1.41,6.08,8.58,8.4,11.57,11.17,12.65,7.22,32.93
18085,1,12.6,17.27,13.43,13.28,8.88,9.33,5.29,18.93
18087,0.54,16.61,14.57,11.18,12.36,10.84,7.28,5,21.6
